auc : 0.712545546385823
precision: 0.5273522975929978
accurac y:0.7492417915696014

auc : 0.710142293777065
precision: 0.5491228070175439
accurac y:0.7511318183816096

